80 16 16
7 19 59 66 67 68 69 79 79 79 79 79 79 79 79 79 
79 79 79 79 79 79 79 79 79 79 79 79 79 79 79 79 
46 47 48 49 56 36 37 38 39 57 79 79 79 79 79 79 
6 17 79 79 79 0 1 2 79 79 79 79 79 79 79 79 
11 12 13 14 15 16 26 28 79 79 79 79 79 79 79 79 
79 79 79 79 79 79 79 79 79 79 79 79 79 79 79 79 
3 4 5 18 20 21 22 23 24 25 27 29 30 31 32 33 
34 35 40 41 42 43 44 45 50 51 52 53 54 55 60 61 
62 63 64 65 70 71 72 73 74 75 10 10 8 9 58 10 
79 79 79 79 79 79 79 79 79 79 79 79 79 79 79 79 
79 79 79 79 79 79 79 79 79 79 79 79 79 79 79 79 
79 79 79 79 79 79 79 79 79 79 79 79 79 79 79 79 
10 10 10 10 10 10 10 10 10 10 10 10 10 10 10 10 
10 10 10 10 10 10 10 10 10 10 10 10 10 10 10 10 
10 10 10 10 10 10 10 10 10 10 10 10 10 10 10 10 
10 10 10 10 10 10 10 10 10 10 10 10 10 10 10 10 
















































































































































































































































